(kicad_pcb (version 20171130) (host pcbnew "(5.1.10)-1")

  (general
    (thickness 1.6)
    (drawings 10)
    (tracks 349)
    (zones 0)
    (modules 39)
    (nets 52)
  )

  (page A4)
  (layers
    (0 F.Cu signal)
    (31 B.Cu signal)
    (32 B.Adhes user)
    (33 F.Adhes user)
    (34 B.Paste user)
    (35 F.Paste user)
    (36 B.SilkS user)
    (37 F.SilkS user)
    (38 B.Mask user)
    (39 F.Mask user)
    (40 Dwgs.User user)
    (41 Cmts.User user)
    (42 Eco1.User user)
    (43 Eco2.User user)
    (44 Edge.Cuts user)
    (45 Margin user)
    (46 B.CrtYd user)
    (47 F.CrtYd user)
    (48 B.Fab user)
    (49 F.Fab user)
  )

  (setup
    (last_trace_width 0.25)
    (trace_clearance 0.2)
    (zone_clearance 0.508)
    (zone_45_only no)
    (trace_min 0.2)
    (via_size 0.8)
    (via_drill 0.4)
    (via_min_size 0.4)
    (via_min_drill 0.3)
    (uvia_size 0.3)
    (uvia_drill 0.1)
    (uvias_allowed no)
    (uvia_min_size 0.2)
    (uvia_min_drill 0.1)
    (edge_width 0.1)
    (segment_width 0.2)
    (pcb_text_width 0.3)
    (pcb_text_size 1.5 1.5)
    (mod_edge_width 0.15)
    (mod_text_size 1 1)
    (mod_text_width 0.15)
    (pad_size 0.889 0.889)
    (pad_drill 0.635)
    (pad_to_mask_clearance 0)
    (aux_axis_origin 0 0)
    (visible_elements 7FFFFFFF)
    (pcbplotparams
      (layerselection 0x010fc_ffffffff)
      (usegerberextensions false)
      (usegerberattributes true)
      (usegerberadvancedattributes true)
      (creategerberjobfile true)
      (excludeedgelayer true)
      (linewidth 0.100000)
      (plotframeref false)
      (viasonmask false)
      (mode 1)
      (useauxorigin false)
      (hpglpennumber 1)
      (hpglpenspeed 20)
      (hpglpendiameter 15.000000)
      (psnegative false)
      (psa4output false)
      (plotreference true)
      (plotvalue true)
      (plotinvisibletext false)
      (padsonsilk false)
      (subtractmaskfromsilk false)
      (outputformat 1)
      (mirror false)
      (drillshape 1)
      (scaleselection 1)
      (outputdirectory ""))
  )

  (net 0 "")
  (net 1 "Net-(BZ1-Pad2)")
  (net 2 "Net-(BZ1-Pad1)")
  (net 3 GND)
  (net 4 +3V3)
  (net 5 "Net-(D1-Pad1)")
  (net 6 "Net-(D1-Pad3)")
  (net 7 "Net-(D1-Pad4)")
  (net 8 /Vin)
  (net 9 +5V)
  (net 10 /Reset)
  (net 11 /IOREF)
  (net 12 /A0)
  (net 13 /A1)
  (net 14 /A2)
  (net 15 /A3)
  (net 16 "/A4(SDA)")
  (net 17 "/A5(SCL)")
  (net 18 "Net-(R2-Pad1)")
  (net 19 "Net-(R3-Pad1)")
  (net 20 "Net-(R4-Pad1)")
  (net 21 "Net-(R12-Pad1)")
  (net 22 "Net-(R10-Pad2)")
  (net 23 "Net-(U3-Pad4)")
  (net 24 "Net-(U3-Pad5)")
  (net 25 "Net-(U3-Pad6)")
  (net 26 /JS_Button)
  (net 27 /BottomLeft)
  (net 28 /ButtonTop)
  (net 29 /ButtonBottom)
  (net 30 /ButtonRight)
  (net 31 /Rot2FPGA)
  (net 32 /FPGA2Rot)
  (net 33 /LED_B)
  (net 34 /LED_G)
  (net 35 /LED_R)
  (net 36 /ChipSelect)
  (net 37 /SPI2FPGA)
  (net 38 /FPGA2SPI)
  (net 39 /SPI_CLK)
  (net 40 /Buzzer)
  (net 41 "Net-(SW1-PadMH2)")
  (net 42 "Net-(SW1-PadMH1)")
  (net 43 "Net-(U1-Pad5)")
  (net 44 "Net-(U1-PadNC4)")
  (net 45 "Net-(U1-PadNC3)")
  (net 46 "Net-(U1-PadNC1)")
  (net 47 "Net-(U1-PadNC2)")
  (net 48 "Net-(U1-Pad2)")
  (net 49 "Net-(J1-Pad03)")
  (net 50 "Net-(J2-Pad01)")
  (net 51 "Net-(J3-Pad01)")

  (net_class Default "This is the default net class."
    (clearance 0.2)
    (trace_width 0.25)
    (via_dia 0.8)
    (via_drill 0.4)
    (uvia_dia 0.3)
    (uvia_drill 0.1)
    (add_net +3V3)
    (add_net +5V)
    (add_net /A0)
    (add_net /A1)
    (add_net /A2)
    (add_net /A3)
    (add_net "/A4(SDA)")
    (add_net "/A5(SCL)")
    (add_net /BottomLeft)
    (add_net /ButtonBottom)
    (add_net /ButtonRight)
    (add_net /ButtonTop)
    (add_net /Buzzer)
    (add_net /ChipSelect)
    (add_net /FPGA2Rot)
    (add_net /FPGA2SPI)
    (add_net /IOREF)
    (add_net /JS_Button)
    (add_net /LED_B)
    (add_net /LED_G)
    (add_net /LED_R)
    (add_net /Reset)
    (add_net /Rot2FPGA)
    (add_net /SPI2FPGA)
    (add_net /SPI_CLK)
    (add_net /Vin)
    (add_net GND)
    (add_net "Net-(BZ1-Pad1)")
    (add_net "Net-(BZ1-Pad2)")
    (add_net "Net-(D1-Pad1)")
    (add_net "Net-(D1-Pad3)")
    (add_net "Net-(D1-Pad4)")
    (add_net "Net-(J1-Pad03)")
    (add_net "Net-(J2-Pad01)")
    (add_net "Net-(J3-Pad01)")
    (add_net "Net-(R10-Pad2)")
    (add_net "Net-(R12-Pad1)")
    (add_net "Net-(R2-Pad1)")
    (add_net "Net-(R3-Pad1)")
    (add_net "Net-(R4-Pad1)")
    (add_net "Net-(SW1-PadMH1)")
    (add_net "Net-(SW1-PadMH2)")
    (add_net "Net-(U1-Pad2)")
    (add_net "Net-(U1-Pad5)")
    (add_net "Net-(U1-PadNC1)")
    (add_net "Net-(U1-PadNC2)")
    (add_net "Net-(U1-PadNC3)")
    (add_net "Net-(U1-PadNC4)")
    (add_net "Net-(U3-Pad4)")
    (add_net "Net-(U3-Pad5)")
    (add_net "Net-(U3-Pad6)")
  )

  (module FPGA-Shield:Joystick (layer F.Cu) (tedit 618C1813) (tstamp 618D1C4B)
    (at 117.75 54)
    (path /6177AA31)
    (fp_text reference U1 (at -0.05 0.05) (layer F.SilkS)
      (effects (font (size 1 1) (thickness 0.15)))
    )
    (fp_text value Joystick (at 0 -12.89) (layer F.Fab)
      (effects (font (size 1 1) (thickness 0.15)))
    )
    (fp_line (start -8 -10) (end 11 -10) (layer F.CrtYd) (width 0.05))
    (fp_line (start -8 13) (end -8 -10) (layer F.CrtYd) (width 0.05))
    (fp_line (start 11 13) (end -8 13) (layer F.CrtYd) (width 0.05))
    (fp_line (start 11 -10) (end 11 13) (layer F.CrtYd) (width 0.05))
    (fp_line (start -7.075 -6.15) (end -7.075 5.85) (layer F.CrtYd) (width 0.12))
    (fp_line (start 7.075 5.85) (end 7.075 -6.15) (layer F.CrtYd) (width 0.12))
    (fp_line (start 7.075 -6.15) (end -7.075 -6.15) (layer F.CrtYd) (width 0.12))
    (fp_line (start -7.075 6.85) (end 7.075 6.85) (layer F.CrtYd) (width 0.12))
    (fp_line (start 7.075 6.85) (end 7.075 5.85) (layer F.CrtYd) (width 0.12))
    (fp_line (start -7.075 5.85) (end -7.075 6.85) (layer F.CrtYd) (width 0.12))
    (fp_line (start -4.75 -6.15) (end -4.75 -8.975) (layer F.CrtYd) (width 0.12))
    (fp_line (start -4.75 -8.975) (end 4.75 -8.975) (layer F.CrtYd) (width 0.12))
    (fp_line (start 4.75 -8.975) (end 4.75 -6.15) (layer F.CrtYd) (width 0.12))
    (fp_line (start 4.75 -6.15) (end -4.75 -6.15) (layer F.CrtYd) (width 0.12))
    (fp_line (start 7 4.75) (end 7 -4.75) (layer F.CrtYd) (width 0.12))
    (fp_line (start 7 -4.75) (end 9.825 -4.75) (layer F.CrtYd) (width 0.12))
    (fp_line (start 9.825 -4.75) (end 9.825 4.75) (layer F.CrtYd) (width 0.12))
    (fp_line (start 9.825 4.75) (end 7 4.75) (layer F.CrtYd) (width 0.12))
    (fp_line (start -4.3 6.85) (end -4.3 11.875) (layer F.CrtYd) (width 0.12))
    (fp_line (start -4.3 11.875) (end 4.3 11.875) (layer F.CrtYd) (width 0.12))
    (fp_line (start 4.3 11.875) (end 4.3 6.85) (layer F.CrtYd) (width 0.12))
    (fp_line (start -4.3 6.85) (end 4.3 6.85) (layer F.CrtYd) (width 0.12))
    (pad 5 thru_hole circle (at 8.73 0) (size 1.875 1.875) (drill 1) (layers *.Cu *.Mask)
      (net 43 "Net-(U1-Pad5)"))
    (pad 4 thru_hole circle (at 8.73 2.5) (size 1.875 1.875) (drill 1) (layers *.Cu *.Mask)
      (net 3 GND))
    (pad 6 thru_hole circle (at 8.73 -2.5) (size 1.875 1.875) (drill 1) (layers *.Cu *.Mask)
      (net 4 +3V3))
    (pad b thru_hole circle (at -3.25 10.25 90) (size 1.875 1.875) (drill 1) (layers *.Cu *.Mask)
      (net 3 GND))
    (pad b thru_hole circle (at 3.25 10.25 90) (size 1.875 1.875) (drill 1) (layers *.Cu *.Mask)
      (net 3 GND))
    (pad a thru_hole circle (at 3.25 5.75 90) (size 1.875 1.875) (drill 1) (layers *.Cu *.Mask)
      (net 26 /JS_Button))
    (pad a thru_hole circle (at -3.25 5.75 90) (size 1.875 1.875) (drill 1) (layers *.Cu *.Mask)
      (net 26 /JS_Button))
    (pad NC4 thru_hole circle (at 6.325 5 90) (size 1.875 1.875) (drill 1.1) (layers *.Cu *.Mask)
      (net 44 "Net-(U1-PadNC4)"))
    (pad NC3 thru_hole circle (at -6.325 5 90) (size 1.875 1.875) (drill 1.1) (layers *.Cu *.Mask)
      (net 45 "Net-(U1-PadNC3)"))
    (pad NC1 thru_hole circle (at -6.325 -5 90) (size 1.875 1.875) (drill 1.1) (layers *.Cu *.Mask)
      (net 46 "Net-(U1-PadNC1)"))
    (pad NC2 thru_hole circle (at 6.325 -5 90) (size 1.875 1.875) (drill 1.1) (layers *.Cu *.Mask)
      (net 47 "Net-(U1-PadNC2)"))
    (pad 1 thru_hole circle (at 2.5 -8.73 90) (size 1.875 1.875) (drill 1) (layers *.Cu *.Mask)
      (net 3 GND))
    (pad 3 thru_hole circle (at -2.5 -8.73 90) (size 1.875 1.875) (drill 1) (layers *.Cu *.Mask)
      (net 4 +3V3))
    (pad 2 thru_hole circle (at 0 -8.73 90) (size 1.875 1.875) (drill 1) (layers *.Cu *.Mask)
      (net 48 "Net-(U1-Pad2)"))
  )

  (module MountingHole:MountingHole_2.5mm (layer F.Cu) (tedit 56D1B4CB) (tstamp 61904E38)
    (at 170.7 88.7)
    (descr "Mounting Hole 2.5mm, no annular")
    (tags "mounting hole 2.5mm no annular")
    (path /6190ABF3)
    (attr virtual)
    (fp_text reference H2 (at 0 -3.5) (layer F.SilkS)
      (effects (font (size 1 1) (thickness 0.15)))
    )
    (fp_text value MountingHole (at 0 3.5) (layer F.Fab)
      (effects (font (size 1 1) (thickness 0.15)))
    )
    (fp_circle (center 0 0) (end 2.5 0) (layer Cmts.User) (width 0.15))
    (fp_circle (center 0 0) (end 2.75 0) (layer F.CrtYd) (width 0.05))
    (fp_text user %R (at 0.3 0) (layer F.Fab)
      (effects (font (size 1 1) (thickness 0.15)))
    )
    (pad 1 np_thru_hole circle (at 0 0) (size 2.5 2.5) (drill 2.5) (layers *.Cu *.Mask))
  )

  (module MountingHole:MountingHole_2.5mm (layer F.Cu) (tedit 56D1B4CB) (tstamp 6196B673)
    (at 103.3 88.8)
    (descr "Mounting Hole 2.5mm, no annular")
    (tags "mounting hole 2.5mm no annular")
    (path /6190A22D)
    (attr virtual)
    (fp_text reference H1 (at 0 -3.5) (layer F.SilkS)
      (effects (font (size 1 1) (thickness 0.15)))
    )
    (fp_text value MountingHole (at 0 3.5) (layer F.Fab)
      (effects (font (size 1 1) (thickness 0.15)))
    )
    (fp_circle (center 0 0) (end 2.5 0) (layer Cmts.User) (width 0.15))
    (fp_circle (center 0 0) (end 2.75 0) (layer F.CrtYd) (width 0.05))
    (fp_text user %R (at 4.19 0) (layer F.Fab)
      (effects (font (size 1 1) (thickness 0.15)))
    )
    (pad 1 np_thru_hole circle (at 0 0) (size 2.5 2.5) (drill 2.5) (layers *.Cu *.Mask))
  )

  (module Resistor_SMD:R_1206_3216Metric_Pad1.30x1.75mm_HandSolder (layer B.Cu) (tedit 5F68FEEE) (tstamp 618DD470)
    (at 161.55 52.9)
    (descr "Resistor SMD 1206 (3216 Metric), square (rectangular) end terminal, IPC_7351 nominal with elongated pad for handsoldering. (Body size source: IPC-SM-782 page 72, https://www.pcb-3d.com/wordpress/wp-content/uploads/ipc-sm-782a_amendment_1_and_2.pdf), generated with kicad-footprint-generator")
    (tags "resistor handsolder")
    (path /61621F7C)
    (attr smd)
    (fp_text reference R6 (at 0 1.82 180) (layer B.SilkS)
      (effects (font (size 1 1) (thickness 0.15)) (justify mirror))
    )
    (fp_text value 10k (at 0 -1.82 180) (layer B.Fab)
      (effects (font (size 1 1) (thickness 0.15)) (justify mirror))
    )
    (fp_line (start 2.45 -1.12) (end -2.45 -1.12) (layer B.CrtYd) (width 0.05))
    (fp_line (start 2.45 1.12) (end 2.45 -1.12) (layer B.CrtYd) (width 0.05))
    (fp_line (start -2.45 1.12) (end 2.45 1.12) (layer B.CrtYd) (width 0.05))
    (fp_line (start -2.45 -1.12) (end -2.45 1.12) (layer B.CrtYd) (width 0.05))
    (fp_line (start -0.727064 -0.91) (end 0.727064 -0.91) (layer B.SilkS) (width 0.12))
    (fp_line (start -0.727064 0.91) (end 0.727064 0.91) (layer B.SilkS) (width 0.12))
    (fp_line (start 1.6 -0.8) (end -1.6 -0.8) (layer B.Fab) (width 0.1))
    (fp_line (start 1.6 0.8) (end 1.6 -0.8) (layer B.Fab) (width 0.1))
    (fp_line (start -1.6 0.8) (end 1.6 0.8) (layer B.Fab) (width 0.1))
    (fp_line (start -1.6 -0.8) (end -1.6 0.8) (layer B.Fab) (width 0.1))
    (fp_text user %R (at 0 0 180) (layer B.Fab)
      (effects (font (size 0.8 0.8) (thickness 0.12)) (justify mirror))
    )
    (pad 2 smd roundrect (at 1.55 0) (size 1.3 1.75) (layers B.Cu B.Paste B.Mask) (roundrect_rratio 0.192308)
      (net 28 /ButtonTop))
    (pad 1 smd roundrect (at -1.55 0) (size 1.3 1.75) (layers B.Cu B.Paste B.Mask) (roundrect_rratio 0.192308)
      (net 4 +3V3))
    (model ${KISYS3DMOD}/Resistor_SMD.3dshapes/R_1206_3216Metric.wrl
      (at (xyz 0 0 0))
      (scale (xyz 1 1 1))
      (rotate (xyz 0 0 0))
    )
  )

  (module Resistor_SMD:R_1206_3216Metric_Pad1.30x1.75mm_HandSolder (layer B.Cu) (tedit 5F68FEEE) (tstamp 618DCF26)
    (at 161.5 46.45)
    (descr "Resistor SMD 1206 (3216 Metric), square (rectangular) end terminal, IPC_7351 nominal with elongated pad for handsoldering. (Body size source: IPC-SM-782 page 72, https://www.pcb-3d.com/wordpress/wp-content/uploads/ipc-sm-782a_amendment_1_and_2.pdf), generated with kicad-footprint-generator")
    (tags "resistor handsolder")
    (path /6161FB9F)
    (attr smd)
    (fp_text reference R5 (at 0 1.82 180) (layer B.SilkS)
      (effects (font (size 1 1) (thickness 0.15)) (justify mirror))
    )
    (fp_text value 10k (at 0 -1.82 180) (layer B.Fab)
      (effects (font (size 1 1) (thickness 0.15)) (justify mirror))
    )
    (fp_line (start -1.6 -0.8) (end -1.6 0.8) (layer B.Fab) (width 0.1))
    (fp_line (start -1.6 0.8) (end 1.6 0.8) (layer B.Fab) (width 0.1))
    (fp_line (start 1.6 0.8) (end 1.6 -0.8) (layer B.Fab) (width 0.1))
    (fp_line (start 1.6 -0.8) (end -1.6 -0.8) (layer B.Fab) (width 0.1))
    (fp_line (start -0.727064 0.91) (end 0.727064 0.91) (layer B.SilkS) (width 0.12))
    (fp_line (start -0.727064 -0.91) (end 0.727064 -0.91) (layer B.SilkS) (width 0.12))
    (fp_line (start -2.45 -1.12) (end -2.45 1.12) (layer B.CrtYd) (width 0.05))
    (fp_line (start -2.45 1.12) (end 2.45 1.12) (layer B.CrtYd) (width 0.05))
    (fp_line (start 2.45 1.12) (end 2.45 -1.12) (layer B.CrtYd) (width 0.05))
    (fp_line (start 2.45 -1.12) (end -2.45 -1.12) (layer B.CrtYd) (width 0.05))
    (fp_text user %R (at 0 0 180) (layer B.Fab)
      (effects (font (size 0.8 0.8) (thickness 0.12)) (justify mirror))
    )
    (pad 1 smd roundrect (at -1.55 0) (size 1.3 1.75) (layers B.Cu B.Paste B.Mask) (roundrect_rratio 0.192308)
      (net 4 +3V3))
    (pad 2 smd roundrect (at 1.55 0) (size 1.3 1.75) (layers B.Cu B.Paste B.Mask) (roundrect_rratio 0.192308)
      (net 27 /BottomLeft))
    (model ${KISYS3DMOD}/Resistor_SMD.3dshapes/R_1206_3216Metric.wrl
      (at (xyz 0 0 0))
      (scale (xyz 1 1 1))
      (rotate (xyz 0 0 0))
    )
  )

  (module Resistor_SMD:R_1206_3216Metric_Pad1.30x1.75mm_HandSolder (layer F.Cu) (tedit 5F68FEEE) (tstamp 618DC0BC)
    (at 139.8 75.25 90)
    (descr "Resistor SMD 1206 (3216 Metric), square (rectangular) end terminal, IPC_7351 nominal with elongated pad for handsoldering. (Body size source: IPC-SM-782 page 72, https://www.pcb-3d.com/wordpress/wp-content/uploads/ipc-sm-782a_amendment_1_and_2.pdf), generated with kicad-footprint-generator")
    (tags "resistor handsolder")
    (path /618E75A3)
    (attr smd)
    (fp_text reference R12 (at 0 -1.82 90) (layer F.SilkS)
      (effects (font (size 1 1) (thickness 0.15)))
    )
    (fp_text value 10k (at 0 1.82 90) (layer F.Fab)
      (effects (font (size 1 1) (thickness 0.15)))
    )
    (fp_line (start 2.45 1.12) (end -2.45 1.12) (layer F.CrtYd) (width 0.05))
    (fp_line (start 2.45 -1.12) (end 2.45 1.12) (layer F.CrtYd) (width 0.05))
    (fp_line (start -2.45 -1.12) (end 2.45 -1.12) (layer F.CrtYd) (width 0.05))
    (fp_line (start -2.45 1.12) (end -2.45 -1.12) (layer F.CrtYd) (width 0.05))
    (fp_line (start -0.727064 0.91) (end 0.727064 0.91) (layer F.SilkS) (width 0.12))
    (fp_line (start -0.727064 -0.91) (end 0.727064 -0.91) (layer F.SilkS) (width 0.12))
    (fp_line (start 1.6 0.8) (end -1.6 0.8) (layer F.Fab) (width 0.1))
    (fp_line (start 1.6 -0.8) (end 1.6 0.8) (layer F.Fab) (width 0.1))
    (fp_line (start -1.6 -0.8) (end 1.6 -0.8) (layer F.Fab) (width 0.1))
    (fp_line (start -1.6 0.8) (end -1.6 -0.8) (layer F.Fab) (width 0.1))
    (fp_text user %R (at 0 0 90) (layer F.Fab)
      (effects (font (size 0.8 0.8) (thickness 0.12)))
    )
    (pad 2 smd roundrect (at 1.55 0 90) (size 1.3 1.75) (layers F.Cu F.Paste F.Mask) (roundrect_rratio 0.192308)
      (net 31 /Rot2FPGA))
    (pad 1 smd roundrect (at -1.55 0 90) (size 1.3 1.75) (layers F.Cu F.Paste F.Mask) (roundrect_rratio 0.192308)
      (net 21 "Net-(R12-Pad1)"))
    (model ${KISYS3DMOD}/Resistor_SMD.3dshapes/R_1206_3216Metric.wrl
      (at (xyz 0 0 0))
      (scale (xyz 1 1 1))
      (rotate (xyz 0 0 0))
    )
  )

  (module Resistor_SMD:R_1206_3216Metric_Pad1.30x1.75mm_HandSolder (layer F.Cu) (tedit 5F68FEEE) (tstamp 618DC0AB)
    (at 143.8 75.25 90)
    (descr "Resistor SMD 1206 (3216 Metric), square (rectangular) end terminal, IPC_7351 nominal with elongated pad for handsoldering. (Body size source: IPC-SM-782 page 72, https://www.pcb-3d.com/wordpress/wp-content/uploads/ipc-sm-782a_amendment_1_and_2.pdf), generated with kicad-footprint-generator")
    (tags "resistor handsolder")
    (path /618E759D)
    (attr smd)
    (fp_text reference R11 (at 0 -1.82 90) (layer F.SilkS)
      (effects (font (size 1 1) (thickness 0.15)))
    )
    (fp_text value 10k (at 0 1.82 90) (layer F.Fab)
      (effects (font (size 1 1) (thickness 0.15)))
    )
    (fp_line (start 2.45 1.12) (end -2.45 1.12) (layer F.CrtYd) (width 0.05))
    (fp_line (start 2.45 -1.12) (end 2.45 1.12) (layer F.CrtYd) (width 0.05))
    (fp_line (start -2.45 -1.12) (end 2.45 -1.12) (layer F.CrtYd) (width 0.05))
    (fp_line (start -2.45 1.12) (end -2.45 -1.12) (layer F.CrtYd) (width 0.05))
    (fp_line (start -0.727064 0.91) (end 0.727064 0.91) (layer F.SilkS) (width 0.12))
    (fp_line (start -0.727064 -0.91) (end 0.727064 -0.91) (layer F.SilkS) (width 0.12))
    (fp_line (start 1.6 0.8) (end -1.6 0.8) (layer F.Fab) (width 0.1))
    (fp_line (start 1.6 -0.8) (end 1.6 0.8) (layer F.Fab) (width 0.1))
    (fp_line (start -1.6 -0.8) (end 1.6 -0.8) (layer F.Fab) (width 0.1))
    (fp_line (start -1.6 0.8) (end -1.6 -0.8) (layer F.Fab) (width 0.1))
    (fp_text user %R (at 0 0 90) (layer F.Fab)
      (effects (font (size 0.8 0.8) (thickness 0.12)))
    )
    (pad 2 smd roundrect (at 1.55 0 90) (size 1.3 1.75) (layers F.Cu F.Paste F.Mask) (roundrect_rratio 0.192308)
      (net 32 /FPGA2Rot))
    (pad 1 smd roundrect (at -1.55 0 90) (size 1.3 1.75) (layers F.Cu F.Paste F.Mask) (roundrect_rratio 0.192308)
      (net 22 "Net-(R10-Pad2)"))
    (model ${KISYS3DMOD}/Resistor_SMD.3dshapes/R_1206_3216Metric.wrl
      (at (xyz 0 0 0))
      (scale (xyz 1 1 1))
      (rotate (xyz 0 0 0))
    )
  )

  (module Resistor_SMD:R_1206_3216Metric_Pad1.30x1.75mm_HandSolder (layer F.Cu) (tedit 5F68FEEE) (tstamp 618DC09A)
    (at 142.4 82.55 90)
    (descr "Resistor SMD 1206 (3216 Metric), square (rectangular) end terminal, IPC_7351 nominal with elongated pad for handsoldering. (Body size source: IPC-SM-782 page 72, https://www.pcb-3d.com/wordpress/wp-content/uploads/ipc-sm-782a_amendment_1_and_2.pdf), generated with kicad-footprint-generator")
    (tags "resistor handsolder")
    (path /61ACF8F0)
    (attr smd)
    (fp_text reference R10 (at 0 -1.82 90) (layer F.SilkS)
      (effects (font (size 1 1) (thickness 0.15)))
    )
    (fp_text value 10k (at 0 1.82 90) (layer F.Fab)
      (effects (font (size 1 1) (thickness 0.15)))
    )
    (fp_line (start 2.45 1.12) (end -2.45 1.12) (layer F.CrtYd) (width 0.05))
    (fp_line (start 2.45 -1.12) (end 2.45 1.12) (layer F.CrtYd) (width 0.05))
    (fp_line (start -2.45 -1.12) (end 2.45 -1.12) (layer F.CrtYd) (width 0.05))
    (fp_line (start -2.45 1.12) (end -2.45 -1.12) (layer F.CrtYd) (width 0.05))
    (fp_line (start -0.727064 0.91) (end 0.727064 0.91) (layer F.SilkS) (width 0.12))
    (fp_line (start -0.727064 -0.91) (end 0.727064 -0.91) (layer F.SilkS) (width 0.12))
    (fp_line (start 1.6 0.8) (end -1.6 0.8) (layer F.Fab) (width 0.1))
    (fp_line (start 1.6 -0.8) (end 1.6 0.8) (layer F.Fab) (width 0.1))
    (fp_line (start -1.6 -0.8) (end 1.6 -0.8) (layer F.Fab) (width 0.1))
    (fp_line (start -1.6 0.8) (end -1.6 -0.8) (layer F.Fab) (width 0.1))
    (fp_text user %R (at 0 0 90) (layer F.Fab)
      (effects (font (size 0.8 0.8) (thickness 0.12)))
    )
    (pad 2 smd roundrect (at 1.55 0 90) (size 1.3 1.75) (layers F.Cu F.Paste F.Mask) (roundrect_rratio 0.192308)
      (net 22 "Net-(R10-Pad2)"))
    (pad 1 smd roundrect (at -1.55 0 90) (size 1.3 1.75) (layers F.Cu F.Paste F.Mask) (roundrect_rratio 0.192308)
      (net 4 +3V3))
    (model ${KISYS3DMOD}/Resistor_SMD.3dshapes/R_1206_3216Metric.wrl
      (at (xyz 0 0 0))
      (scale (xyz 1 1 1))
      (rotate (xyz 0 0 0))
    )
  )

  (module Resistor_SMD:R_1206_3216Metric_Pad1.30x1.75mm_HandSolder (layer F.Cu) (tedit 5F68FEEE) (tstamp 618DC089)
    (at 138.8 82.35 90)
    (descr "Resistor SMD 1206 (3216 Metric), square (rectangular) end terminal, IPC_7351 nominal with elongated pad for handsoldering. (Body size source: IPC-SM-782 page 72, https://www.pcb-3d.com/wordpress/wp-content/uploads/ipc-sm-782a_amendment_1_and_2.pdf), generated with kicad-footprint-generator")
    (tags "resistor handsolder")
    (path /61AC586E)
    (attr smd)
    (fp_text reference R9 (at 0 -1.82 90) (layer F.SilkS)
      (effects (font (size 1 1) (thickness 0.15)))
    )
    (fp_text value 10k (at 0 1.82 90) (layer F.Fab)
      (effects (font (size 1 1) (thickness 0.15)))
    )
    (fp_line (start 2.45 1.12) (end -2.45 1.12) (layer F.CrtYd) (width 0.05))
    (fp_line (start 2.45 -1.12) (end 2.45 1.12) (layer F.CrtYd) (width 0.05))
    (fp_line (start -2.45 -1.12) (end 2.45 -1.12) (layer F.CrtYd) (width 0.05))
    (fp_line (start -2.45 1.12) (end -2.45 -1.12) (layer F.CrtYd) (width 0.05))
    (fp_line (start -0.727064 0.91) (end 0.727064 0.91) (layer F.SilkS) (width 0.12))
    (fp_line (start -0.727064 -0.91) (end 0.727064 -0.91) (layer F.SilkS) (width 0.12))
    (fp_line (start 1.6 0.8) (end -1.6 0.8) (layer F.Fab) (width 0.1))
    (fp_line (start 1.6 -0.8) (end 1.6 0.8) (layer F.Fab) (width 0.1))
    (fp_line (start -1.6 -0.8) (end 1.6 -0.8) (layer F.Fab) (width 0.1))
    (fp_line (start -1.6 0.8) (end -1.6 -0.8) (layer F.Fab) (width 0.1))
    (fp_text user %R (at 0 0 90) (layer F.Fab)
      (effects (font (size 0.8 0.8) (thickness 0.12)))
    )
    (pad 2 smd roundrect (at 1.55 0 90) (size 1.3 1.75) (layers F.Cu F.Paste F.Mask) (roundrect_rratio 0.192308)
      (net 21 "Net-(R12-Pad1)"))
    (pad 1 smd roundrect (at -1.55 0 90) (size 1.3 1.75) (layers F.Cu F.Paste F.Mask) (roundrect_rratio 0.192308)
      (net 4 +3V3))
    (model ${KISYS3DMOD}/Resistor_SMD.3dshapes/R_1206_3216Metric.wrl
      (at (xyz 0 0 0))
      (scale (xyz 1 1 1))
      (rotate (xyz 0 0 0))
    )
  )

  (module Resistor_SMD:R_1206_3216Metric_Pad1.30x1.75mm_HandSolder (layer B.Cu) (tedit 5F68FEEE) (tstamp 618DC078)
    (at 161.55 56.2)
    (descr "Resistor SMD 1206 (3216 Metric), square (rectangular) end terminal, IPC_7351 nominal with elongated pad for handsoldering. (Body size source: IPC-SM-782 page 72, https://www.pcb-3d.com/wordpress/wp-content/uploads/ipc-sm-782a_amendment_1_and_2.pdf), generated with kicad-footprint-generator")
    (tags "resistor handsolder")
    (path /616196A5)
    (attr smd)
    (fp_text reference R8 (at 0 1.82 180) (layer B.SilkS)
      (effects (font (size 1 1) (thickness 0.15)) (justify mirror))
    )
    (fp_text value 10k (at 0 -1.82 180) (layer B.Fab)
      (effects (font (size 1 1) (thickness 0.15)) (justify mirror))
    )
    (fp_line (start 2.45 -1.12) (end -2.45 -1.12) (layer B.CrtYd) (width 0.05))
    (fp_line (start 2.45 1.12) (end 2.45 -1.12) (layer B.CrtYd) (width 0.05))
    (fp_line (start -2.45 1.12) (end 2.45 1.12) (layer B.CrtYd) (width 0.05))
    (fp_line (start -2.45 -1.12) (end -2.45 1.12) (layer B.CrtYd) (width 0.05))
    (fp_line (start -0.727064 -0.91) (end 0.727064 -0.91) (layer B.SilkS) (width 0.12))
    (fp_line (start -0.727064 0.91) (end 0.727064 0.91) (layer B.SilkS) (width 0.12))
    (fp_line (start 1.6 -0.8) (end -1.6 -0.8) (layer B.Fab) (width 0.1))
    (fp_line (start 1.6 0.8) (end 1.6 -0.8) (layer B.Fab) (width 0.1))
    (fp_line (start -1.6 0.8) (end 1.6 0.8) (layer B.Fab) (width 0.1))
    (fp_line (start -1.6 -0.8) (end -1.6 0.8) (layer B.Fab) (width 0.1))
    (fp_text user %R (at 0 0) (layer B.Fab)
      (effects (font (size 0.8 0.8) (thickness 0.12)) (justify mirror))
    )
    (pad 2 smd roundrect (at 1.55 0) (size 1.3 1.75) (layers B.Cu B.Paste B.Mask) (roundrect_rratio 0.192308)
      (net 30 /ButtonRight))
    (pad 1 smd roundrect (at -1.55 0) (size 1.3 1.75) (layers B.Cu B.Paste B.Mask) (roundrect_rratio 0.192308)
      (net 4 +3V3))
    (model ${KISYS3DMOD}/Resistor_SMD.3dshapes/R_1206_3216Metric.wrl
      (at (xyz 0 0 0))
      (scale (xyz 1 1 1))
      (rotate (xyz 0 0 0))
    )
  )

  (module Resistor_SMD:R_1206_3216Metric_Pad1.30x1.75mm_HandSolder (layer B.Cu) (tedit 5F68FEEE) (tstamp 618DC067)
    (at 161.4 49.2)
    (descr "Resistor SMD 1206 (3216 Metric), square (rectangular) end terminal, IPC_7351 nominal with elongated pad for handsoldering. (Body size source: IPC-SM-782 page 72, https://www.pcb-3d.com/wordpress/wp-content/uploads/ipc-sm-782a_amendment_1_and_2.pdf), generated with kicad-footprint-generator")
    (tags "resistor handsolder")
    (path /6161D77E)
    (attr smd)
    (fp_text reference R7 (at 0 1.82 180) (layer B.SilkS)
      (effects (font (size 1 1) (thickness 0.15)) (justify mirror))
    )
    (fp_text value 10k (at 0 -1.82 180) (layer B.Fab)
      (effects (font (size 1 1) (thickness 0.15)) (justify mirror))
    )
    (fp_line (start -1.6 -0.8) (end -1.6 0.8) (layer B.Fab) (width 0.1))
    (fp_line (start -1.6 0.8) (end 1.6 0.8) (layer B.Fab) (width 0.1))
    (fp_line (start 1.6 0.8) (end 1.6 -0.8) (layer B.Fab) (width 0.1))
    (fp_line (start 1.6 -0.8) (end -1.6 -0.8) (layer B.Fab) (width 0.1))
    (fp_line (start -0.727064 0.91) (end 0.727064 0.91) (layer B.SilkS) (width 0.12))
    (fp_line (start -0.727064 -0.91) (end 0.727064 -0.91) (layer B.SilkS) (width 0.12))
    (fp_line (start -2.45 -1.12) (end -2.45 1.12) (layer B.CrtYd) (width 0.05))
    (fp_line (start -2.45 1.12) (end 2.45 1.12) (layer B.CrtYd) (width 0.05))
    (fp_line (start 2.45 1.12) (end 2.45 -1.12) (layer B.CrtYd) (width 0.05))
    (fp_line (start 2.45 -1.12) (end -2.45 -1.12) (layer B.CrtYd) (width 0.05))
    (fp_text user %R (at 0 0 180) (layer B.Fab)
      (effects (font (size 0.8 0.8) (thickness 0.12)) (justify mirror))
    )
    (pad 1 smd roundrect (at -1.55 0) (size 1.3 1.75) (layers B.Cu B.Paste B.Mask) (roundrect_rratio 0.192308)
      (net 4 +3V3))
    (pad 2 smd roundrect (at 1.55 0) (size 1.3 1.75) (layers B.Cu B.Paste B.Mask) (roundrect_rratio 0.192308)
      (net 29 /ButtonBottom))
    (model ${KISYS3DMOD}/Resistor_SMD.3dshapes/R_1206_3216Metric.wrl
      (at (xyz 0 0 0))
      (scale (xyz 1 1 1))
      (rotate (xyz 0 0 0))
    )
  )

  (module Resistor_SMD:R_1206_3216Metric_Pad1.30x1.75mm_HandSolder (layer B.Cu) (tedit 5F68FEEE) (tstamp 618DC034)
    (at 133.45 75 90)
    (descr "Resistor SMD 1206 (3216 Metric), square (rectangular) end terminal, IPC_7351 nominal with elongated pad for handsoldering. (Body size source: IPC-SM-782 page 72, https://www.pcb-3d.com/wordpress/wp-content/uploads/ipc-sm-782a_amendment_1_and_2.pdf), generated with kicad-footprint-generator")
    (tags "resistor handsolder")
    (path /6173D596)
    (attr smd)
    (fp_text reference R4 (at -3.7 -0.05 270) (layer B.SilkS)
      (effects (font (size 1 1) (thickness 0.15)) (justify mirror))
    )
    (fp_text value 10 (at 0 -1.82 270) (layer B.Fab)
      (effects (font (size 1 1) (thickness 0.15)) (justify mirror))
    )
    (fp_line (start 2.45 -1.12) (end -2.45 -1.12) (layer B.CrtYd) (width 0.05))
    (fp_line (start 2.45 1.12) (end 2.45 -1.12) (layer B.CrtYd) (width 0.05))
    (fp_line (start -2.45 1.12) (end 2.45 1.12) (layer B.CrtYd) (width 0.05))
    (fp_line (start -2.45 -1.12) (end -2.45 1.12) (layer B.CrtYd) (width 0.05))
    (fp_line (start -0.727064 -0.91) (end 0.727064 -0.91) (layer B.SilkS) (width 0.12))
    (fp_line (start -0.727064 0.91) (end 0.727064 0.91) (layer B.SilkS) (width 0.12))
    (fp_line (start 1.6 -0.8) (end -1.6 -0.8) (layer B.Fab) (width 0.1))
    (fp_line (start 1.6 0.8) (end 1.6 -0.8) (layer B.Fab) (width 0.1))
    (fp_line (start -1.6 0.8) (end 1.6 0.8) (layer B.Fab) (width 0.1))
    (fp_line (start -1.6 -0.8) (end -1.6 0.8) (layer B.Fab) (width 0.1))
    (fp_text user %R (at 0 0 270) (layer B.Fab)
      (effects (font (size 0.8 0.8) (thickness 0.12)) (justify mirror))
    )
    (pad 2 smd roundrect (at 1.55 0 90) (size 1.3 1.75) (layers B.Cu B.Paste B.Mask) (roundrect_rratio 0.192308)
      (net 6 "Net-(D1-Pad3)"))
    (pad 1 smd roundrect (at -1.55 0 90) (size 1.3 1.75) (layers B.Cu B.Paste B.Mask) (roundrect_rratio 0.192308)
      (net 20 "Net-(R4-Pad1)"))
    (model ${KISYS3DMOD}/Resistor_SMD.3dshapes/R_1206_3216Metric.wrl
      (at (xyz 0 0 0))
      (scale (xyz 1 1 1))
      (rotate (xyz 0 0 0))
    )
  )

  (module Resistor_SMD:R_1206_3216Metric_Pad1.30x1.75mm_HandSolder (layer B.Cu) (tedit 5F68FEEE) (tstamp 618DC023)
    (at 136 75 90)
    (descr "Resistor SMD 1206 (3216 Metric), square (rectangular) end terminal, IPC_7351 nominal with elongated pad for handsoldering. (Body size source: IPC-SM-782 page 72, https://www.pcb-3d.com/wordpress/wp-content/uploads/ipc-sm-782a_amendment_1_and_2.pdf), generated with kicad-footprint-generator")
    (tags "resistor handsolder")
    (path /6173DF02)
    (attr smd)
    (fp_text reference R3 (at -3.65 0 270) (layer B.SilkS)
      (effects (font (size 1 1) (thickness 0.15)) (justify mirror))
    )
    (fp_text value 40 (at 0 -1.82 180) (layer B.Fab)
      (effects (font (size 1 1) (thickness 0.15)) (justify mirror))
    )
    (fp_line (start 2.45 -1.12) (end -2.45 -1.12) (layer B.CrtYd) (width 0.05))
    (fp_line (start 2.45 1.12) (end 2.45 -1.12) (layer B.CrtYd) (width 0.05))
    (fp_line (start -2.45 1.12) (end 2.45 1.12) (layer B.CrtYd) (width 0.05))
    (fp_line (start -2.45 -1.12) (end -2.45 1.12) (layer B.CrtYd) (width 0.05))
    (fp_line (start -0.727064 -0.91) (end 0.727064 -0.91) (layer B.SilkS) (width 0.12))
    (fp_line (start -0.727064 0.91) (end 0.727064 0.91) (layer B.SilkS) (width 0.12))
    (fp_line (start 1.6 -0.8) (end -1.6 -0.8) (layer B.Fab) (width 0.1))
    (fp_line (start 1.6 0.8) (end 1.6 -0.8) (layer B.Fab) (width 0.1))
    (fp_line (start -1.6 0.8) (end 1.6 0.8) (layer B.Fab) (width 0.1))
    (fp_line (start -1.6 -0.8) (end -1.6 0.8) (layer B.Fab) (width 0.1))
    (fp_text user %R (at 0 0 90) (layer B.Fab)
      (effects (font (size 0.8 0.8) (thickness 0.12)) (justify mirror))
    )
    (pad 2 smd roundrect (at 1.55 0 90) (size 1.3 1.75) (layers B.Cu B.Paste B.Mask) (roundrect_rratio 0.192308)
      (net 5 "Net-(D1-Pad1)"))
    (pad 1 smd roundrect (at -1.55 0 90) (size 1.3 1.75) (layers B.Cu B.Paste B.Mask) (roundrect_rratio 0.192308)
      (net 19 "Net-(R3-Pad1)"))
    (model ${KISYS3DMOD}/Resistor_SMD.3dshapes/R_1206_3216Metric.wrl
      (at (xyz 0 0 0))
      (scale (xyz 1 1 1))
      (rotate (xyz 0 0 0))
    )
  )

  (module Resistor_SMD:R_1206_3216Metric_Pad1.30x1.75mm_HandSolder (layer B.Cu) (tedit 5F68FEEE) (tstamp 618DC012)
    (at 130.8 75 90)
    (descr "Resistor SMD 1206 (3216 Metric), square (rectangular) end terminal, IPC_7351 nominal with elongated pad for handsoldering. (Body size source: IPC-SM-782 page 72, https://www.pcb-3d.com/wordpress/wp-content/uploads/ipc-sm-782a_amendment_1_and_2.pdf), generated with kicad-footprint-generator")
    (tags "resistor handsolder")
    (path /6173CAAD)
    (attr smd)
    (fp_text reference R2 (at -3.6 -0.05 270) (layer B.SilkS)
      (effects (font (size 1 1) (thickness 0.15)) (justify mirror))
    )
    (fp_text value 10 (at 0 -1.82 270) (layer B.Fab)
      (effects (font (size 1 1) (thickness 0.15)) (justify mirror))
    )
    (fp_line (start 2.45 -1.12) (end -2.45 -1.12) (layer B.CrtYd) (width 0.05))
    (fp_line (start 2.45 1.12) (end 2.45 -1.12) (layer B.CrtYd) (width 0.05))
    (fp_line (start -2.45 1.12) (end 2.45 1.12) (layer B.CrtYd) (width 0.05))
    (fp_line (start -2.45 -1.12) (end -2.45 1.12) (layer B.CrtYd) (width 0.05))
    (fp_line (start -0.727064 -0.91) (end 0.727064 -0.91) (layer B.SilkS) (width 0.12))
    (fp_line (start -0.727064 0.91) (end 0.727064 0.91) (layer B.SilkS) (width 0.12))
    (fp_line (start 1.6 -0.8) (end -1.6 -0.8) (layer B.Fab) (width 0.1))
    (fp_line (start 1.6 0.8) (end 1.6 -0.8) (layer B.Fab) (width 0.1))
    (fp_line (start -1.6 0.8) (end 1.6 0.8) (layer B.Fab) (width 0.1))
    (fp_line (start -1.6 -0.8) (end -1.6 0.8) (layer B.Fab) (width 0.1))
    (fp_text user %R (at 0 0 270) (layer B.Fab)
      (effects (font (size 0.8 0.8) (thickness 0.12)) (justify mirror))
    )
    (pad 2 smd roundrect (at 1.55 0 90) (size 1.3 1.75) (layers B.Cu B.Paste B.Mask) (roundrect_rratio 0.192308)
      (net 7 "Net-(D1-Pad4)"))
    (pad 1 smd roundrect (at -1.55 0 90) (size 1.3 1.75) (layers B.Cu B.Paste B.Mask) (roundrect_rratio 0.192308)
      (net 18 "Net-(R2-Pad1)"))
    (model ${KISYS3DMOD}/Resistor_SMD.3dshapes/R_1206_3216Metric.wrl
      (at (xyz 0 0 0))
      (scale (xyz 1 1 1))
      (rotate (xyz 0 0 0))
    )
  )

  (module Resistor_SMD:R_1206_3216Metric_Pad1.30x1.75mm_HandSolder (layer B.Cu) (tedit 5F68FEEE) (tstamp 618DE66F)
    (at 131.95 58)
    (descr "Resistor SMD 1206 (3216 Metric), square (rectangular) end terminal, IPC_7351 nominal with elongated pad for handsoldering. (Body size source: IPC-SM-782 page 72, https://www.pcb-3d.com/wordpress/wp-content/uploads/ipc-sm-782a_amendment_1_and_2.pdf), generated with kicad-footprint-generator")
    (tags "resistor handsolder")
    (path /6179988F)
    (attr smd)
    (fp_text reference R1 (at 0 1.82) (layer B.SilkS)
      (effects (font (size 1 1) (thickness 0.15)) (justify mirror))
    )
    (fp_text value 10k (at 0 -1.82) (layer B.Fab)
      (effects (font (size 1 1) (thickness 0.15)) (justify mirror))
    )
    (fp_line (start 2.45 -1.12) (end -2.45 -1.12) (layer B.CrtYd) (width 0.05))
    (fp_line (start 2.45 1.12) (end 2.45 -1.12) (layer B.CrtYd) (width 0.05))
    (fp_line (start -2.45 1.12) (end 2.45 1.12) (layer B.CrtYd) (width 0.05))
    (fp_line (start -2.45 -1.12) (end -2.45 1.12) (layer B.CrtYd) (width 0.05))
    (fp_line (start -0.727064 -0.91) (end 0.727064 -0.91) (layer B.SilkS) (width 0.12))
    (fp_line (start -0.727064 0.91) (end 0.727064 0.91) (layer B.SilkS) (width 0.12))
    (fp_line (start 1.6 -0.8) (end -1.6 -0.8) (layer B.Fab) (width 0.1))
    (fp_line (start 1.6 0.8) (end 1.6 -0.8) (layer B.Fab) (width 0.1))
    (fp_line (start -1.6 0.8) (end 1.6 0.8) (layer B.Fab) (width 0.1))
    (fp_line (start -1.6 -0.8) (end -1.6 0.8) (layer B.Fab) (width 0.1))
    (fp_text user %R (at 0 0) (layer B.Fab)
      (effects (font (size 0.8 0.8) (thickness 0.12)) (justify mirror))
    )
    (pad 2 smd roundrect (at 1.55 0) (size 1.3 1.75) (layers B.Cu B.Paste B.Mask) (roundrect_rratio 0.192308)
      (net 26 /JS_Button))
    (pad 1 smd roundrect (at -1.55 0) (size 1.3 1.75) (layers B.Cu B.Paste B.Mask) (roundrect_rratio 0.192308)
      (net 4 +3V3))
    (model ${KISYS3DMOD}/Resistor_SMD.3dshapes/R_1206_3216Metric.wrl
      (at (xyz 0 0 0))
      (scale (xyz 1 1 1))
      (rotate (xyz 0 0 0))
    )
  )

  (module Capacitor_SMD:C_1206_3216Metric_Pad1.33x1.80mm_HandSolder (layer F.Cu) (tedit 5F68FEEF) (tstamp 618DBF18)
    (at 145.95 68.5375 270)
    (descr "Capacitor SMD 1206 (3216 Metric), square (rectangular) end terminal, IPC_7351 nominal with elongated pad for handsoldering. (Body size source: IPC-SM-782 page 76, https://www.pcb-3d.com/wordpress/wp-content/uploads/ipc-sm-782a_amendment_1_and_2.pdf), generated with kicad-footprint-generator")
    (tags "capacitor handsolder")
    (path /6198F315)
    (attr smd)
    (fp_text reference C10 (at 0 -1.85 90) (layer F.SilkS)
      (effects (font (size 1 1) (thickness 0.15)))
    )
    (fp_text value .01u (at 0 1.85 90) (layer F.Fab)
      (effects (font (size 1 1) (thickness 0.15)))
    )
    (fp_line (start 2.48 1.15) (end -2.48 1.15) (layer F.CrtYd) (width 0.05))
    (fp_line (start 2.48 -1.15) (end 2.48 1.15) (layer F.CrtYd) (width 0.05))
    (fp_line (start -2.48 -1.15) (end 2.48 -1.15) (layer F.CrtYd) (width 0.05))
    (fp_line (start -2.48 1.15) (end -2.48 -1.15) (layer F.CrtYd) (width 0.05))
    (fp_line (start -0.711252 0.91) (end 0.711252 0.91) (layer F.SilkS) (width 0.12))
    (fp_line (start -0.711252 -0.91) (end 0.711252 -0.91) (layer F.SilkS) (width 0.12))
    (fp_line (start 1.6 0.8) (end -1.6 0.8) (layer F.Fab) (width 0.1))
    (fp_line (start 1.6 -0.8) (end 1.6 0.8) (layer F.Fab) (width 0.1))
    (fp_line (start -1.6 -0.8) (end 1.6 -0.8) (layer F.Fab) (width 0.1))
    (fp_line (start -1.6 0.8) (end -1.6 -0.8) (layer F.Fab) (width 0.1))
    (fp_text user %R (at 0 0 90) (layer F.Fab)
      (effects (font (size 0.8 0.8) (thickness 0.12)))
    )
    (pad 2 smd roundrect (at 1.5625 0 270) (size 1.325 1.8) (layers F.Cu F.Paste F.Mask) (roundrect_rratio 0.188679)
      (net 3 GND))
    (pad 1 smd roundrect (at -1.5625 0 270) (size 1.325 1.8) (layers F.Cu F.Paste F.Mask) (roundrect_rratio 0.188679)
      (net 32 /FPGA2Rot))
    (model ${KISYS3DMOD}/Capacitor_SMD.3dshapes/C_1206_3216Metric.wrl
      (at (xyz 0 0 0))
      (scale (xyz 1 1 1))
      (rotate (xyz 0 0 0))
    )
  )

  (module Capacitor_SMD:C_1206_3216Metric_Pad1.33x1.80mm_HandSolder (layer F.Cu) (tedit 5F68FEEF) (tstamp 618DBF07)
    (at 142.25 68.5375 270)
    (descr "Capacitor SMD 1206 (3216 Metric), square (rectangular) end terminal, IPC_7351 nominal with elongated pad for handsoldering. (Body size source: IPC-SM-782 page 76, https://www.pcb-3d.com/wordpress/wp-content/uploads/ipc-sm-782a_amendment_1_and_2.pdf), generated with kicad-footprint-generator")
    (tags "capacitor handsolder")
    (path /619996CD)
    (attr smd)
    (fp_text reference C9 (at 0 -1.85 90) (layer F.SilkS)
      (effects (font (size 1 1) (thickness 0.15)))
    )
    (fp_text value .01u (at 0 1.85 90) (layer F.Fab)
      (effects (font (size 1 1) (thickness 0.15)))
    )
    (fp_line (start 2.48 1.15) (end -2.48 1.15) (layer F.CrtYd) (width 0.05))
    (fp_line (start 2.48 -1.15) (end 2.48 1.15) (layer F.CrtYd) (width 0.05))
    (fp_line (start -2.48 -1.15) (end 2.48 -1.15) (layer F.CrtYd) (width 0.05))
    (fp_line (start -2.48 1.15) (end -2.48 -1.15) (layer F.CrtYd) (width 0.05))
    (fp_line (start -0.711252 0.91) (end 0.711252 0.91) (layer F.SilkS) (width 0.12))
    (fp_line (start -0.711252 -0.91) (end 0.711252 -0.91) (layer F.SilkS) (width 0.12))
    (fp_line (start 1.6 0.8) (end -1.6 0.8) (layer F.Fab) (width 0.1))
    (fp_line (start 1.6 -0.8) (end 1.6 0.8) (layer F.Fab) (width 0.1))
    (fp_line (start -1.6 -0.8) (end 1.6 -0.8) (layer F.Fab) (width 0.1))
    (fp_line (start -1.6 0.8) (end -1.6 -0.8) (layer F.Fab) (width 0.1))
    (fp_text user %R (at 0 0 90) (layer F.Fab)
      (effects (font (size 0.8 0.8) (thickness 0.12)))
    )
    (pad 2 smd roundrect (at 1.5625 0 270) (size 1.325 1.8) (layers F.Cu F.Paste F.Mask) (roundrect_rratio 0.188679)
      (net 3 GND))
    (pad 1 smd roundrect (at -1.5625 0 270) (size 1.325 1.8) (layers F.Cu F.Paste F.Mask) (roundrect_rratio 0.188679)
      (net 31 /Rot2FPGA))
    (model ${KISYS3DMOD}/Capacitor_SMD.3dshapes/C_1206_3216Metric.wrl
      (at (xyz 0 0 0))
      (scale (xyz 1 1 1))
      (rotate (xyz 0 0 0))
    )
  )

  (module Capacitor_SMD:C_1206_3216Metric_Pad1.33x1.80mm_HandSolder (layer F.Cu) (tedit 5F68FEEF) (tstamp 618DBEF6)
    (at 131 82.51 270)
    (descr "Capacitor SMD 1206 (3216 Metric), square (rectangular) end terminal, IPC_7351 nominal with elongated pad for handsoldering. (Body size source: IPC-SM-782 page 76, https://www.pcb-3d.com/wordpress/wp-content/uploads/ipc-sm-782a_amendment_1_and_2.pdf), generated with kicad-footprint-generator")
    (tags "capacitor handsolder")
    (path /61A7E82B)
    (attr smd)
    (fp_text reference C8 (at 0 -1.85 90) (layer F.SilkS)
      (effects (font (size 1 1) (thickness 0.15)))
    )
